{
 "cells": [
  {
   "cell_type": "code",
   "execution_count": 1,
   "metadata": {
    "collapsed": true
   },
   "outputs": [],
   "source": [
    "import pandas as pd\n",
    "import numpy as np"
   ]
  },
  {
   "cell_type": "code",
   "execution_count": 2,
   "metadata": {
    "collapsed": false
   },
   "outputs": [
    {
     "data": {
      "text/html": [
       "<div>\n",
       "<table border=\"1\" class=\"dataframe\">\n",
       "  <thead>\n",
       "    <tr style=\"text-align: right;\">\n",
       "      <th></th>\n",
       "      <th>docid</th>\n",
       "      <th>volid</th>\n",
       "      <th>recordid</th>\n",
       "      <th>author</th>\n",
       "      <th>firstname</th>\n",
       "      <th>inferreddate</th>\n",
       "      <th>birthdate</th>\n",
       "      <th>authgender</th>\n",
       "      <th>enumcron</th>\n",
       "      <th>title</th>\n",
       "    </tr>\n",
       "  </thead>\n",
       "  <tbody>\n",
       "    <tr>\n",
       "      <th>0</th>\n",
       "      <td>14930</td>\n",
       "      <td>uva.x004123163</td>\n",
       "      <td>NaN</td>\n",
       "      <td>Swift, Jonathan,</td>\n",
       "      <td>Jonathan</td>\n",
       "      <td>1784</td>\n",
       "      <td>NaN</td>\n",
       "      <td>m</td>\n",
       "      <td>v.1</td>\n",
       "      <td>The works of the Rev. Dr. Jonathan Swift</td>\n",
       "    </tr>\n",
       "    <tr>\n",
       "      <th>1</th>\n",
       "      <td>14931</td>\n",
       "      <td>uva.x004123168</td>\n",
       "      <td>NaN</td>\n",
       "      <td>Swift, Jonathan,</td>\n",
       "      <td>Jonathan</td>\n",
       "      <td>1784</td>\n",
       "      <td>NaN</td>\n",
       "      <td>m</td>\n",
       "      <td>v.6</td>\n",
       "      <td>The works of the Rev. Dr. Jonathan Swift</td>\n",
       "    </tr>\n",
       "    <tr>\n",
       "      <th>2</th>\n",
       "      <td>14932</td>\n",
       "      <td>uva.x030576706</td>\n",
       "      <td>NaN</td>\n",
       "      <td>Swift, Jonathan,</td>\n",
       "      <td>Jonathan</td>\n",
       "      <td>1784</td>\n",
       "      <td>NaN</td>\n",
       "      <td>m</td>\n",
       "      <td>v.11</td>\n",
       "      <td>The works of the Rev. Dr. Jonathan Swift</td>\n",
       "    </tr>\n",
       "    <tr>\n",
       "      <th>3</th>\n",
       "      <td>14933</td>\n",
       "      <td>uva.x000530839</td>\n",
       "      <td>NaN</td>\n",
       "      <td>Swift, Jonathan,</td>\n",
       "      <td>Jonathan</td>\n",
       "      <td>1784</td>\n",
       "      <td>NaN</td>\n",
       "      <td>m</td>\n",
       "      <td>v.12</td>\n",
       "      <td>The works of the Rev. Dr. Jonathan Swift</td>\n",
       "    </tr>\n",
       "    <tr>\n",
       "      <th>4</th>\n",
       "      <td>14934</td>\n",
       "      <td>nyp.33433076096019</td>\n",
       "      <td>NaN</td>\n",
       "      <td>Swift, Jonathan,</td>\n",
       "      <td>Jonathan</td>\n",
       "      <td>1784</td>\n",
       "      <td>NaN</td>\n",
       "      <td>m</td>\n",
       "      <td>v. 14</td>\n",
       "      <td>The works of the Rev. Dr. Jonathan Swift</td>\n",
       "    </tr>\n",
       "  </tbody>\n",
       "</table>\n",
       "</div>"
      ],
      "text/plain": [
       "   docid               volid  recordid            author  firstname  \\\n",
       "0  14930      uva.x004123163       NaN  Swift, Jonathan,   Jonathan   \n",
       "1  14931      uva.x004123168       NaN  Swift, Jonathan,   Jonathan   \n",
       "2  14932      uva.x030576706       NaN  Swift, Jonathan,   Jonathan   \n",
       "3  14933      uva.x000530839       NaN  Swift, Jonathan,   Jonathan   \n",
       "4  14934  nyp.33433076096019       NaN  Swift, Jonathan,   Jonathan   \n",
       "\n",
       "   inferreddate  birthdate authgender enumcron  \\\n",
       "0          1784        NaN          m      v.1   \n",
       "1          1784        NaN          m      v.6   \n",
       "2          1784        NaN          m     v.11   \n",
       "3          1784        NaN          m     v.12   \n",
       "4          1784        NaN          m    v. 14   \n",
       "\n",
       "                                      title  \n",
       "0  The works of the Rev. Dr. Jonathan Swift  \n",
       "1  The works of the Rev. Dr. Jonathan Swift  \n",
       "2  The works of the Rev. Dr. Jonathan Swift  \n",
       "3  The works of the Rev. Dr. Jonathan Swift  \n",
       "4  The works of the Rev. Dr. Jonathan Swift  "
      ]
     },
     "execution_count": 2,
     "metadata": {},
     "output_type": "execute_result"
    }
   ],
   "source": [
    "metadata = pd.read_csv('/Users/tunder/Dropbox/python/character/metadata/filtered_fiction_plus_18c.tsv', sep ='\\t')\n",
    "metadata.head()"
   ]
  },
  {
   "cell_type": "code",
   "execution_count": 3,
   "metadata": {
    "collapsed": false
   },
   "outputs": [
    {
     "data": {
      "text/html": [
       "<div>\n",
       "<table border=\"1\" class=\"dataframe\">\n",
       "  <thead>\n",
       "    <tr style=\"text-align: right;\">\n",
       "      <th></th>\n",
       "      <th>docid</th>\n",
       "      <th>charid</th>\n",
       "      <th>gender</th>\n",
       "      <th>pubdate</th>\n",
       "      <th>numwords</th>\n",
       "      <th>probability</th>\n",
       "    </tr>\n",
       "  </thead>\n",
       "  <tbody>\n",
       "    <tr>\n",
       "      <th>0</th>\n",
       "      <td>0</td>\n",
       "      <td>0|Betsey</td>\n",
       "      <td>f</td>\n",
       "      <td>1891</td>\n",
       "      <td>334</td>\n",
       "      <td>0.462642</td>\n",
       "    </tr>\n",
       "    <tr>\n",
       "      <th>1</th>\n",
       "      <td>0</td>\n",
       "      <td>0|Phil</td>\n",
       "      <td>m</td>\n",
       "      <td>1891</td>\n",
       "      <td>12</td>\n",
       "      <td>0.140581</td>\n",
       "    </tr>\n",
       "    <tr>\n",
       "      <th>2</th>\n",
       "      <td>0</td>\n",
       "      <td>0|Elizabeth</td>\n",
       "      <td>f</td>\n",
       "      <td>1891</td>\n",
       "      <td>82</td>\n",
       "      <td>0.366735</td>\n",
       "    </tr>\n",
       "    <tr>\n",
       "      <th>3</th>\n",
       "      <td>0</td>\n",
       "      <td>0|Mr.Jones</td>\n",
       "      <td>m</td>\n",
       "      <td>1891</td>\n",
       "      <td>526</td>\n",
       "      <td>0.553426</td>\n",
       "    </tr>\n",
       "    <tr>\n",
       "      <th>4</th>\n",
       "      <td>0</td>\n",
       "      <td>0|Mr.Mitford</td>\n",
       "      <td>m</td>\n",
       "      <td>1891</td>\n",
       "      <td>14</td>\n",
       "      <td>0.386104</td>\n",
       "    </tr>\n",
       "  </tbody>\n",
       "</table>\n",
       "</div>"
      ],
      "text/plain": [
       "  docid        charid gender  pubdate  numwords  probability\n",
       "0     0      0|Betsey      f     1891       334     0.462642\n",
       "1     0        0|Phil      m     1891        12     0.140581\n",
       "2     0   0|Elizabeth      f     1891        82     0.366735\n",
       "3     0    0|Mr.Jones      m     1891       526     0.553426\n",
       "4     0  0|Mr.Mitford      m     1891        14     0.386104"
      ]
     },
     "execution_count": 3,
     "metadata": {},
     "output_type": "execute_result"
    }
   ],
   "source": [
    "data = pd.read_csv('prestige_character_probabilities.tsv', sep = '\\t', dtype = {'docid': 'object'})\n",
    "data.head()"
   ]
  },
  {
   "cell_type": "code",
   "execution_count": 4,
   "metadata": {
    "collapsed": false
   },
   "outputs": [
    {
     "data": {
      "text/html": [
       "<div>\n",
       "<table border=\"1\" class=\"dataframe\">\n",
       "  <thead>\n",
       "    <tr style=\"text-align: right;\">\n",
       "      <th></th>\n",
       "      <th>probability</th>\n",
       "      <th>pubdate</th>\n",
       "    </tr>\n",
       "    <tr>\n",
       "      <th>gender</th>\n",
       "      <th></th>\n",
       "      <th></th>\n",
       "    </tr>\n",
       "  </thead>\n",
       "  <tbody>\n",
       "    <tr>\n",
       "      <th>f</th>\n",
       "      <td>0.547890</td>\n",
       "      <td>1946.901165</td>\n",
       "    </tr>\n",
       "    <tr>\n",
       "      <th>m</th>\n",
       "      <td>0.438264</td>\n",
       "      <td>1948.086980</td>\n",
       "    </tr>\n",
       "    <tr>\n",
       "      <th>u</th>\n",
       "      <td>0.473054</td>\n",
       "      <td>1955.238318</td>\n",
       "    </tr>\n",
       "  </tbody>\n",
       "</table>\n",
       "</div>"
      ],
      "text/plain": [
       "        probability      pubdate\n",
       "gender                          \n",
       "f          0.547890  1946.901165\n",
       "m          0.438264  1948.086980\n",
       "u          0.473054  1955.238318"
      ]
     },
     "execution_count": 4,
     "metadata": {},
     "output_type": "execute_result"
    }
   ],
   "source": [
    "grouped = data.loc[:, [\"probability\", \"gender\", 'pubdate']].groupby('gender')\n",
    "bygender = grouped.aggregate(np.mean)\n",
    "bygender.head()"
   ]
  },
  {
   "cell_type": "code",
   "execution_count": 25,
   "metadata": {
    "collapsed": false
   },
   "outputs": [
    {
     "data": {
      "text/html": [
       "<div>\n",
       "<table border=\"1\" class=\"dataframe\">\n",
       "  <thead>\n",
       "    <tr style=\"text-align: right;\">\n",
       "      <th></th>\n",
       "      <th>author</th>\n",
       "      <th>num_stories</th>\n",
       "      <th>authgender</th>\n",
       "      <th>meandate</th>\n",
       "      <th>mean_prestige</th>\n",
       "      <th>mean_sales</th>\n",
       "      <th>numchars</th>\n",
       "      <th>charsize</th>\n",
       "      <th>pct_women</th>\n",
       "      <th>wordratio</th>\n",
       "      <th>prob_diff</th>\n",
       "      <th>prob_stdev</th>\n",
       "      <th>prob_mean</th>\n",
       "    </tr>\n",
       "  </thead>\n",
       "  <tbody>\n",
       "    <tr>\n",
       "      <th>0</th>\n",
       "      <td>Parr, Louisa Taylor</td>\n",
       "      <td>2</td>\n",
       "      <td>f</td>\n",
       "      <td>1887.000000</td>\n",
       "      <td>0.418877</td>\n",
       "      <td>0.487069</td>\n",
       "      <td>20.000000</td>\n",
       "      <td>420.906667</td>\n",
       "      <td>0.360119</td>\n",
       "      <td>0.492600</td>\n",
       "      <td>0.079542</td>\n",
       "      <td>0.130676</td>\n",
       "      <td>0.509904</td>\n",
       "    </tr>\n",
       "    <tr>\n",
       "      <th>1</th>\n",
       "      <td>Spillane, Mickey</td>\n",
       "      <td>4</td>\n",
       "      <td>m</td>\n",
       "      <td>1965.000000</td>\n",
       "      <td>0.211347</td>\n",
       "      <td>0.751724</td>\n",
       "      <td>17.500000</td>\n",
       "      <td>131.836314</td>\n",
       "      <td>0.205208</td>\n",
       "      <td>0.350184</td>\n",
       "      <td>0.100339</td>\n",
       "      <td>0.099286</td>\n",
       "      <td>0.438953</td>\n",
       "    </tr>\n",
       "    <tr>\n",
       "      <th>2</th>\n",
       "      <td>Reid, Mayne</td>\n",
       "      <td>52</td>\n",
       "      <td>m</td>\n",
       "      <td>1869.711538</td>\n",
       "      <td>0.380557</td>\n",
       "      <td>0.833333</td>\n",
       "      <td>19.519231</td>\n",
       "      <td>194.195174</td>\n",
       "      <td>0.182360</td>\n",
       "      <td>0.145901</td>\n",
       "      <td>0.149765</td>\n",
       "      <td>0.127656</td>\n",
       "      <td>0.425142</td>\n",
       "    </tr>\n",
       "    <tr>\n",
       "      <th>3</th>\n",
       "      <td>Grey, Zane</td>\n",
       "      <td>59</td>\n",
       "      <td>m</td>\n",
       "      <td>1927.169492</td>\n",
       "      <td>0.279009</td>\n",
       "      <td>0.989209</td>\n",
       "      <td>22.101695</td>\n",
       "      <td>324.122963</td>\n",
       "      <td>0.175019</td>\n",
       "      <td>0.230630</td>\n",
       "      <td>0.158897</td>\n",
       "      <td>0.121169</td>\n",
       "      <td>0.411698</td>\n",
       "    </tr>\n",
       "    <tr>\n",
       "      <th>4</th>\n",
       "      <td>Harris, Joel Chandler</td>\n",
       "      <td>21</td>\n",
       "      <td>m</td>\n",
       "      <td>1893.428571</td>\n",
       "      <td>0.340777</td>\n",
       "      <td>0.819887</td>\n",
       "      <td>29.952381</td>\n",
       "      <td>176.232554</td>\n",
       "      <td>0.242565</td>\n",
       "      <td>0.231059</td>\n",
       "      <td>0.138849</td>\n",
       "      <td>0.122852</td>\n",
       "      <td>0.461003</td>\n",
       "    </tr>\n",
       "  </tbody>\n",
       "</table>\n",
       "</div>"
      ],
      "text/plain": [
       "                  author  num_stories authgender     meandate  mean_prestige  \\\n",
       "0    Parr, Louisa Taylor            2          f  1887.000000       0.418877   \n",
       "1       Spillane, Mickey            4          m  1965.000000       0.211347   \n",
       "2            Reid, Mayne           52          m  1869.711538       0.380557   \n",
       "3             Grey, Zane           59          m  1927.169492       0.279009   \n",
       "4  Harris, Joel Chandler           21          m  1893.428571       0.340777   \n",
       "\n",
       "   mean_sales   numchars    charsize  pct_women  wordratio  prob_diff  \\\n",
       "0    0.487069  20.000000  420.906667   0.360119   0.492600   0.079542   \n",
       "1    0.751724  17.500000  131.836314   0.205208   0.350184   0.100339   \n",
       "2    0.833333  19.519231  194.195174   0.182360   0.145901   0.149765   \n",
       "3    0.989209  22.101695  324.122963   0.175019   0.230630   0.158897   \n",
       "4    0.819887  29.952381  176.232554   0.242565   0.231059   0.138849   \n",
       "\n",
       "   prob_stdev  prob_mean  \n",
       "0    0.130676   0.509904  \n",
       "1    0.099286   0.438953  \n",
       "2    0.127656   0.425142  \n",
       "3    0.121169   0.411698  \n",
       "4    0.122852   0.461003  "
      ]
     },
     "execution_count": 25,
     "metadata": {},
     "output_type": "execute_result"
    }
   ],
   "source": [
    "authormeta = pd.read_csv('output/authormeta.tsv', sep = '\\t')\n",
    "authormeta.head()\n"
   ]
  },
  {
   "cell_type": "code",
   "execution_count": 27,
   "metadata": {
    "collapsed": false
   },
   "outputs": [
    {
     "data": {
      "text/html": [
       "<div>\n",
       "<table border=\"1\" class=\"dataframe\">\n",
       "  <thead>\n",
       "    <tr style=\"text-align: right;\">\n",
       "      <th></th>\n",
       "      <th>num_stories</th>\n",
       "      <th>meandate</th>\n",
       "      <th>mean_prestige</th>\n",
       "      <th>mean_sales</th>\n",
       "      <th>numchars</th>\n",
       "      <th>charsize</th>\n",
       "      <th>pct_women</th>\n",
       "      <th>wordratio</th>\n",
       "      <th>prob_diff</th>\n",
       "      <th>prob_stdev</th>\n",
       "      <th>prob_mean</th>\n",
       "    </tr>\n",
       "  </thead>\n",
       "  <tbody>\n",
       "    <tr>\n",
       "      <th>num_stories</th>\n",
       "      <td>1.000000</td>\n",
       "      <td>0.028456</td>\n",
       "      <td>0.178247</td>\n",
       "      <td>0.573432</td>\n",
       "      <td>0.098621</td>\n",
       "      <td>0.036695</td>\n",
       "      <td>-0.032462</td>\n",
       "      <td>-0.034304</td>\n",
       "      <td>0.008362</td>\n",
       "      <td>-0.032239</td>\n",
       "      <td>-0.009225</td>\n",
       "    </tr>\n",
       "    <tr>\n",
       "      <th>meandate</th>\n",
       "      <td>0.028456</td>\n",
       "      <td>1.000000</td>\n",
       "      <td>0.158531</td>\n",
       "      <td>-0.034254</td>\n",
       "      <td>0.009455</td>\n",
       "      <td>-0.145487</td>\n",
       "      <td>-0.133778</td>\n",
       "      <td>-0.118206</td>\n",
       "      <td>-0.180532</td>\n",
       "      <td>-0.237437</td>\n",
       "      <td>-0.092092</td>\n",
       "    </tr>\n",
       "    <tr>\n",
       "      <th>mean_prestige</th>\n",
       "      <td>0.178247</td>\n",
       "      <td>0.158531</td>\n",
       "      <td>1.000000</td>\n",
       "      <td>0.193579</td>\n",
       "      <td>0.020668</td>\n",
       "      <td>-0.109756</td>\n",
       "      <td>0.119231</td>\n",
       "      <td>0.111374</td>\n",
       "      <td>-0.106044</td>\n",
       "      <td>-0.101398</td>\n",
       "      <td>0.197650</td>\n",
       "    </tr>\n",
       "    <tr>\n",
       "      <th>mean_sales</th>\n",
       "      <td>0.573432</td>\n",
       "      <td>-0.034254</td>\n",
       "      <td>0.193579</td>\n",
       "      <td>1.000000</td>\n",
       "      <td>0.104554</td>\n",
       "      <td>0.068103</td>\n",
       "      <td>-0.038007</td>\n",
       "      <td>-0.028267</td>\n",
       "      <td>0.056484</td>\n",
       "      <td>-0.021892</td>\n",
       "      <td>-0.000667</td>\n",
       "    </tr>\n",
       "    <tr>\n",
       "      <th>numchars</th>\n",
       "      <td>0.098621</td>\n",
       "      <td>0.009455</td>\n",
       "      <td>0.020668</td>\n",
       "      <td>0.104554</td>\n",
       "      <td>1.000000</td>\n",
       "      <td>-0.000758</td>\n",
       "      <td>0.068559</td>\n",
       "      <td>0.060538</td>\n",
       "      <td>0.004981</td>\n",
       "      <td>0.265911</td>\n",
       "      <td>0.014951</td>\n",
       "    </tr>\n",
       "    <tr>\n",
       "      <th>charsize</th>\n",
       "      <td>0.036695</td>\n",
       "      <td>-0.145487</td>\n",
       "      <td>-0.109756</td>\n",
       "      <td>0.068103</td>\n",
       "      <td>-0.000758</td>\n",
       "      <td>1.000000</td>\n",
       "      <td>0.160922</td>\n",
       "      <td>0.171943</td>\n",
       "      <td>-0.023413</td>\n",
       "      <td>-0.177316</td>\n",
       "      <td>0.160658</td>\n",
       "    </tr>\n",
       "    <tr>\n",
       "      <th>pct_women</th>\n",
       "      <td>-0.032462</td>\n",
       "      <td>-0.133778</td>\n",
       "      <td>0.119231</td>\n",
       "      <td>-0.038007</td>\n",
       "      <td>0.068559</td>\n",
       "      <td>0.160922</td>\n",
       "      <td>1.000000</td>\n",
       "      <td>0.864412</td>\n",
       "      <td>-0.237287</td>\n",
       "      <td>-0.062358</td>\n",
       "      <td>0.725783</td>\n",
       "    </tr>\n",
       "    <tr>\n",
       "      <th>wordratio</th>\n",
       "      <td>-0.034304</td>\n",
       "      <td>-0.118206</td>\n",
       "      <td>0.111374</td>\n",
       "      <td>-0.028267</td>\n",
       "      <td>0.060538</td>\n",
       "      <td>0.171943</td>\n",
       "      <td>0.864412</td>\n",
       "      <td>1.000000</td>\n",
       "      <td>-0.216008</td>\n",
       "      <td>-0.024664</td>\n",
       "      <td>0.642602</td>\n",
       "    </tr>\n",
       "    <tr>\n",
       "      <th>prob_diff</th>\n",
       "      <td>0.008362</td>\n",
       "      <td>-0.180532</td>\n",
       "      <td>-0.106044</td>\n",
       "      <td>0.056484</td>\n",
       "      <td>0.004981</td>\n",
       "      <td>-0.023413</td>\n",
       "      <td>-0.237287</td>\n",
       "      <td>-0.216008</td>\n",
       "      <td>1.000000</td>\n",
       "      <td>0.425801</td>\n",
       "      <td>-0.212410</td>\n",
       "    </tr>\n",
       "    <tr>\n",
       "      <th>prob_stdev</th>\n",
       "      <td>-0.032239</td>\n",
       "      <td>-0.237437</td>\n",
       "      <td>-0.101398</td>\n",
       "      <td>-0.021892</td>\n",
       "      <td>0.265911</td>\n",
       "      <td>-0.177316</td>\n",
       "      <td>-0.062358</td>\n",
       "      <td>-0.024664</td>\n",
       "      <td>0.425801</td>\n",
       "      <td>1.000000</td>\n",
       "      <td>-0.105471</td>\n",
       "    </tr>\n",
       "    <tr>\n",
       "      <th>prob_mean</th>\n",
       "      <td>-0.009225</td>\n",
       "      <td>-0.092092</td>\n",
       "      <td>0.197650</td>\n",
       "      <td>-0.000667</td>\n",
       "      <td>0.014951</td>\n",
       "      <td>0.160658</td>\n",
       "      <td>0.725783</td>\n",
       "      <td>0.642602</td>\n",
       "      <td>-0.212410</td>\n",
       "      <td>-0.105471</td>\n",
       "      <td>1.000000</td>\n",
       "    </tr>\n",
       "  </tbody>\n",
       "</table>\n",
       "</div>"
      ],
      "text/plain": [
       "               num_stories  meandate  mean_prestige  mean_sales  numchars  \\\n",
       "num_stories       1.000000  0.028456       0.178247    0.573432  0.098621   \n",
       "meandate          0.028456  1.000000       0.158531   -0.034254  0.009455   \n",
       "mean_prestige     0.178247  0.158531       1.000000    0.193579  0.020668   \n",
       "mean_sales        0.573432 -0.034254       0.193579    1.000000  0.104554   \n",
       "numchars          0.098621  0.009455       0.020668    0.104554  1.000000   \n",
       "charsize          0.036695 -0.145487      -0.109756    0.068103 -0.000758   \n",
       "pct_women        -0.032462 -0.133778       0.119231   -0.038007  0.068559   \n",
       "wordratio        -0.034304 -0.118206       0.111374   -0.028267  0.060538   \n",
       "prob_diff         0.008362 -0.180532      -0.106044    0.056484  0.004981   \n",
       "prob_stdev       -0.032239 -0.237437      -0.101398   -0.021892  0.265911   \n",
       "prob_mean        -0.009225 -0.092092       0.197650   -0.000667  0.014951   \n",
       "\n",
       "               charsize  pct_women  wordratio  prob_diff  prob_stdev  \\\n",
       "num_stories    0.036695  -0.032462  -0.034304   0.008362   -0.032239   \n",
       "meandate      -0.145487  -0.133778  -0.118206  -0.180532   -0.237437   \n",
       "mean_prestige -0.109756   0.119231   0.111374  -0.106044   -0.101398   \n",
       "mean_sales     0.068103  -0.038007  -0.028267   0.056484   -0.021892   \n",
       "numchars      -0.000758   0.068559   0.060538   0.004981    0.265911   \n",
       "charsize       1.000000   0.160922   0.171943  -0.023413   -0.177316   \n",
       "pct_women      0.160922   1.000000   0.864412  -0.237287   -0.062358   \n",
       "wordratio      0.171943   0.864412   1.000000  -0.216008   -0.024664   \n",
       "prob_diff     -0.023413  -0.237287  -0.216008   1.000000    0.425801   \n",
       "prob_stdev    -0.177316  -0.062358  -0.024664   0.425801    1.000000   \n",
       "prob_mean      0.160658   0.725783   0.642602  -0.212410   -0.105471   \n",
       "\n",
       "               prob_mean  \n",
       "num_stories    -0.009225  \n",
       "meandate       -0.092092  \n",
       "mean_prestige   0.197650  \n",
       "mean_sales     -0.000667  \n",
       "numchars        0.014951  \n",
       "charsize        0.160658  \n",
       "pct_women       0.725783  \n",
       "wordratio       0.642602  \n",
       "prob_diff      -0.212410  \n",
       "prob_stdev     -0.105471  \n",
       "prob_mean       1.000000  "
      ]
     },
     "execution_count": 27,
     "metadata": {},
     "output_type": "execute_result"
    }
   ],
   "source": [
    "authormeta.corr()"
   ]
  },
  {
   "cell_type": "code",
   "execution_count": 26,
   "metadata": {
    "collapsed": false
   },
   "outputs": [
    {
     "data": {
      "text/plain": [
       "842"
      ]
     },
     "execution_count": 26,
     "metadata": {},
     "output_type": "execute_result"
    }
   ],
   "source": [
    "len(authormeta.meandate)"
   ]
  },
  {
   "cell_type": "code",
   "execution_count": 7,
   "metadata": {
    "collapsed": false
   },
   "outputs": [
    {
     "data": {
      "text/html": [
       "<div>\n",
       "<table border=\"1\" class=\"dataframe\">\n",
       "  <thead>\n",
       "    <tr style=\"text-align: right;\">\n",
       "      <th></th>\n",
       "      <th>num_stories</th>\n",
       "      <th>meandate</th>\n",
       "      <th>mean_prestige</th>\n",
       "      <th>numchars</th>\n",
       "      <th>charsize</th>\n",
       "      <th>pct_women</th>\n",
       "      <th>wordratio</th>\n",
       "      <th>prob_diff</th>\n",
       "      <th>prob_stdev</th>\n",
       "      <th>prob_mean</th>\n",
       "    </tr>\n",
       "  </thead>\n",
       "  <tbody>\n",
       "    <tr>\n",
       "      <th>num_stories</th>\n",
       "      <td>1.000000</td>\n",
       "      <td>0.104565</td>\n",
       "      <td>0.027708</td>\n",
       "      <td>0.055681</td>\n",
       "      <td>-0.050579</td>\n",
       "      <td>-0.011186</td>\n",
       "      <td>-0.012267</td>\n",
       "      <td>-0.013237</td>\n",
       "      <td>-0.000349</td>\n",
       "      <td>-0.008379</td>\n",
       "    </tr>\n",
       "    <tr>\n",
       "      <th>meandate</th>\n",
       "      <td>0.104565</td>\n",
       "      <td>1.000000</td>\n",
       "      <td>0.143175</td>\n",
       "      <td>0.156996</td>\n",
       "      <td>-0.118416</td>\n",
       "      <td>-0.036696</td>\n",
       "      <td>-0.023815</td>\n",
       "      <td>-0.114842</td>\n",
       "      <td>-0.191833</td>\n",
       "      <td>-0.049452</td>\n",
       "    </tr>\n",
       "    <tr>\n",
       "      <th>mean_prestige</th>\n",
       "      <td>0.027708</td>\n",
       "      <td>0.143175</td>\n",
       "      <td>1.000000</td>\n",
       "      <td>0.049660</td>\n",
       "      <td>-0.114231</td>\n",
       "      <td>0.111317</td>\n",
       "      <td>0.124300</td>\n",
       "      <td>-0.054658</td>\n",
       "      <td>-0.133056</td>\n",
       "      <td>0.185112</td>\n",
       "    </tr>\n",
       "    <tr>\n",
       "      <th>numchars</th>\n",
       "      <td>0.055681</td>\n",
       "      <td>0.156996</td>\n",
       "      <td>0.049660</td>\n",
       "      <td>1.000000</td>\n",
       "      <td>-0.085165</td>\n",
       "      <td>0.064317</td>\n",
       "      <td>0.068853</td>\n",
       "      <td>-0.014024</td>\n",
       "      <td>0.175731</td>\n",
       "      <td>0.017444</td>\n",
       "    </tr>\n",
       "    <tr>\n",
       "      <th>charsize</th>\n",
       "      <td>-0.050579</td>\n",
       "      <td>-0.118416</td>\n",
       "      <td>-0.114231</td>\n",
       "      <td>-0.085165</td>\n",
       "      <td>1.000000</td>\n",
       "      <td>0.137503</td>\n",
       "      <td>0.186603</td>\n",
       "      <td>-0.043278</td>\n",
       "      <td>-0.218691</td>\n",
       "      <td>0.117873</td>\n",
       "    </tr>\n",
       "    <tr>\n",
       "      <th>pct_women</th>\n",
       "      <td>-0.011186</td>\n",
       "      <td>-0.036696</td>\n",
       "      <td>0.111317</td>\n",
       "      <td>0.064317</td>\n",
       "      <td>0.137503</td>\n",
       "      <td>1.000000</td>\n",
       "      <td>0.831272</td>\n",
       "      <td>-0.207383</td>\n",
       "      <td>-0.008923</td>\n",
       "      <td>0.706457</td>\n",
       "    </tr>\n",
       "    <tr>\n",
       "      <th>wordratio</th>\n",
       "      <td>-0.012267</td>\n",
       "      <td>-0.023815</td>\n",
       "      <td>0.124300</td>\n",
       "      <td>0.068853</td>\n",
       "      <td>0.186603</td>\n",
       "      <td>0.831272</td>\n",
       "      <td>1.000000</td>\n",
       "      <td>-0.176142</td>\n",
       "      <td>-0.022151</td>\n",
       "      <td>0.599051</td>\n",
       "    </tr>\n",
       "    <tr>\n",
       "      <th>prob_diff</th>\n",
       "      <td>-0.013237</td>\n",
       "      <td>-0.114842</td>\n",
       "      <td>-0.054658</td>\n",
       "      <td>-0.014024</td>\n",
       "      <td>-0.043278</td>\n",
       "      <td>-0.207383</td>\n",
       "      <td>-0.176142</td>\n",
       "      <td>1.000000</td>\n",
       "      <td>0.460630</td>\n",
       "      <td>-0.107455</td>\n",
       "    </tr>\n",
       "    <tr>\n",
       "      <th>prob_stdev</th>\n",
       "      <td>-0.000349</td>\n",
       "      <td>-0.191833</td>\n",
       "      <td>-0.133056</td>\n",
       "      <td>0.175731</td>\n",
       "      <td>-0.218691</td>\n",
       "      <td>-0.008923</td>\n",
       "      <td>-0.022151</td>\n",
       "      <td>0.460630</td>\n",
       "      <td>1.000000</td>\n",
       "      <td>-0.026689</td>\n",
       "    </tr>\n",
       "    <tr>\n",
       "      <th>prob_mean</th>\n",
       "      <td>-0.008379</td>\n",
       "      <td>-0.049452</td>\n",
       "      <td>0.185112</td>\n",
       "      <td>0.017444</td>\n",
       "      <td>0.117873</td>\n",
       "      <td>0.706457</td>\n",
       "      <td>0.599051</td>\n",
       "      <td>-0.107455</td>\n",
       "      <td>-0.026689</td>\n",
       "      <td>1.000000</td>\n",
       "    </tr>\n",
       "  </tbody>\n",
       "</table>\n",
       "</div>"
      ],
      "text/plain": [
       "               num_stories  meandate  mean_prestige  numchars  charsize  \\\n",
       "num_stories       1.000000  0.104565       0.027708  0.055681 -0.050579   \n",
       "meandate          0.104565  1.000000       0.143175  0.156996 -0.118416   \n",
       "mean_prestige     0.027708  0.143175       1.000000  0.049660 -0.114231   \n",
       "numchars          0.055681  0.156996       0.049660  1.000000 -0.085165   \n",
       "charsize         -0.050579 -0.118416      -0.114231 -0.085165  1.000000   \n",
       "pct_women        -0.011186 -0.036696       0.111317  0.064317  0.137503   \n",
       "wordratio        -0.012267 -0.023815       0.124300  0.068853  0.186603   \n",
       "prob_diff        -0.013237 -0.114842      -0.054658 -0.014024 -0.043278   \n",
       "prob_stdev       -0.000349 -0.191833      -0.133056  0.175731 -0.218691   \n",
       "prob_mean        -0.008379 -0.049452       0.185112  0.017444  0.117873   \n",
       "\n",
       "               pct_women  wordratio  prob_diff  prob_stdev  prob_mean  \n",
       "num_stories    -0.011186  -0.012267  -0.013237   -0.000349  -0.008379  \n",
       "meandate       -0.036696  -0.023815  -0.114842   -0.191833  -0.049452  \n",
       "mean_prestige   0.111317   0.124300  -0.054658   -0.133056   0.185112  \n",
       "numchars        0.064317   0.068853  -0.014024    0.175731   0.017444  \n",
       "charsize        0.137503   0.186603  -0.043278   -0.218691   0.117873  \n",
       "pct_women       1.000000   0.831272  -0.207383   -0.008923   0.706457  \n",
       "wordratio       0.831272   1.000000  -0.176142   -0.022151   0.599051  \n",
       "prob_diff      -0.207383  -0.176142   1.000000    0.460630  -0.107455  \n",
       "prob_stdev     -0.008923  -0.022151   0.460630    1.000000  -0.026689  \n",
       "prob_mean       0.706457   0.599051  -0.107455   -0.026689   1.000000  "
      ]
     },
     "execution_count": 7,
     "metadata": {},
     "output_type": "execute_result"
    }
   ],
   "source": [
    "authormeta.corr()"
   ]
  },
  {
   "cell_type": "code",
   "execution_count": 28,
   "metadata": {
    "collapsed": false
   },
   "outputs": [
    {
     "data": {
      "text/html": [
       "<div>\n",
       "<table border=\"1\" class=\"dataframe\">\n",
       "  <thead>\n",
       "    <tr style=\"text-align: right;\">\n",
       "      <th></th>\n",
       "      <th>num_stories</th>\n",
       "      <th>meandate</th>\n",
       "      <th>mean_prestige</th>\n",
       "      <th>mean_sales</th>\n",
       "      <th>numchars</th>\n",
       "      <th>charsize</th>\n",
       "      <th>pct_women</th>\n",
       "      <th>wordratio</th>\n",
       "      <th>prob_diff</th>\n",
       "      <th>prob_stdev</th>\n",
       "      <th>prob_mean</th>\n",
       "    </tr>\n",
       "  </thead>\n",
       "  <tbody>\n",
       "    <tr>\n",
       "      <th>num_stories</th>\n",
       "      <td>1.000000</td>\n",
       "      <td>0.042899</td>\n",
       "      <td>0.202663</td>\n",
       "      <td>0.534812</td>\n",
       "      <td>0.094983</td>\n",
       "      <td>0.060928</td>\n",
       "      <td>0.049792</td>\n",
       "      <td>0.056317</td>\n",
       "      <td>-0.043557</td>\n",
       "      <td>-0.068478</td>\n",
       "      <td>0.067541</td>\n",
       "    </tr>\n",
       "    <tr>\n",
       "      <th>meandate</th>\n",
       "      <td>0.042899</td>\n",
       "      <td>1.000000</td>\n",
       "      <td>0.093699</td>\n",
       "      <td>-0.041215</td>\n",
       "      <td>0.081531</td>\n",
       "      <td>-0.162559</td>\n",
       "      <td>-0.078047</td>\n",
       "      <td>-0.100567</td>\n",
       "      <td>-0.232198</td>\n",
       "      <td>-0.282795</td>\n",
       "      <td>0.003966</td>\n",
       "    </tr>\n",
       "    <tr>\n",
       "      <th>mean_prestige</th>\n",
       "      <td>0.202663</td>\n",
       "      <td>0.093699</td>\n",
       "      <td>1.000000</td>\n",
       "      <td>0.212922</td>\n",
       "      <td>0.005850</td>\n",
       "      <td>-0.091589</td>\n",
       "      <td>0.228122</td>\n",
       "      <td>0.184127</td>\n",
       "      <td>-0.154367</td>\n",
       "      <td>-0.131423</td>\n",
       "      <td>0.343339</td>\n",
       "    </tr>\n",
       "    <tr>\n",
       "      <th>mean_sales</th>\n",
       "      <td>0.534812</td>\n",
       "      <td>-0.041215</td>\n",
       "      <td>0.212922</td>\n",
       "      <td>1.000000</td>\n",
       "      <td>0.085075</td>\n",
       "      <td>0.060056</td>\n",
       "      <td>0.060811</td>\n",
       "      <td>0.090640</td>\n",
       "      <td>0.001832</td>\n",
       "      <td>-0.066265</td>\n",
       "      <td>0.082832</td>\n",
       "    </tr>\n",
       "    <tr>\n",
       "      <th>numchars</th>\n",
       "      <td>0.094983</td>\n",
       "      <td>0.081531</td>\n",
       "      <td>0.005850</td>\n",
       "      <td>0.085075</td>\n",
       "      <td>1.000000</td>\n",
       "      <td>0.025925</td>\n",
       "      <td>0.041487</td>\n",
       "      <td>0.023431</td>\n",
       "      <td>-0.005029</td>\n",
       "      <td>0.257977</td>\n",
       "      <td>0.012031</td>\n",
       "    </tr>\n",
       "    <tr>\n",
       "      <th>charsize</th>\n",
       "      <td>0.060928</td>\n",
       "      <td>-0.162559</td>\n",
       "      <td>-0.091589</td>\n",
       "      <td>0.060056</td>\n",
       "      <td>0.025925</td>\n",
       "      <td>1.000000</td>\n",
       "      <td>0.147385</td>\n",
       "      <td>0.144371</td>\n",
       "      <td>0.032489</td>\n",
       "      <td>-0.180413</td>\n",
       "      <td>0.109501</td>\n",
       "    </tr>\n",
       "    <tr>\n",
       "      <th>pct_women</th>\n",
       "      <td>0.049792</td>\n",
       "      <td>-0.078047</td>\n",
       "      <td>0.228122</td>\n",
       "      <td>0.060811</td>\n",
       "      <td>0.041487</td>\n",
       "      <td>0.147385</td>\n",
       "      <td>1.000000</td>\n",
       "      <td>0.851984</td>\n",
       "      <td>-0.125347</td>\n",
       "      <td>-0.059083</td>\n",
       "      <td>0.661959</td>\n",
       "    </tr>\n",
       "    <tr>\n",
       "      <th>wordratio</th>\n",
       "      <td>0.056317</td>\n",
       "      <td>-0.100567</td>\n",
       "      <td>0.184127</td>\n",
       "      <td>0.090640</td>\n",
       "      <td>0.023431</td>\n",
       "      <td>0.144371</td>\n",
       "      <td>0.851984</td>\n",
       "      <td>1.000000</td>\n",
       "      <td>-0.103562</td>\n",
       "      <td>-0.034110</td>\n",
       "      <td>0.554422</td>\n",
       "    </tr>\n",
       "    <tr>\n",
       "      <th>prob_diff</th>\n",
       "      <td>-0.043557</td>\n",
       "      <td>-0.232198</td>\n",
       "      <td>-0.154367</td>\n",
       "      <td>0.001832</td>\n",
       "      <td>-0.005029</td>\n",
       "      <td>0.032489</td>\n",
       "      <td>-0.125347</td>\n",
       "      <td>-0.103562</td>\n",
       "      <td>1.000000</td>\n",
       "      <td>0.377533</td>\n",
       "      <td>-0.126310</td>\n",
       "    </tr>\n",
       "    <tr>\n",
       "      <th>prob_stdev</th>\n",
       "      <td>-0.068478</td>\n",
       "      <td>-0.282795</td>\n",
       "      <td>-0.131423</td>\n",
       "      <td>-0.066265</td>\n",
       "      <td>0.257977</td>\n",
       "      <td>-0.180413</td>\n",
       "      <td>-0.059083</td>\n",
       "      <td>-0.034110</td>\n",
       "      <td>0.377533</td>\n",
       "      <td>1.000000</td>\n",
       "      <td>-0.082224</td>\n",
       "    </tr>\n",
       "    <tr>\n",
       "      <th>prob_mean</th>\n",
       "      <td>0.067541</td>\n",
       "      <td>0.003966</td>\n",
       "      <td>0.343339</td>\n",
       "      <td>0.082832</td>\n",
       "      <td>0.012031</td>\n",
       "      <td>0.109501</td>\n",
       "      <td>0.661959</td>\n",
       "      <td>0.554422</td>\n",
       "      <td>-0.126310</td>\n",
       "      <td>-0.082224</td>\n",
       "      <td>1.000000</td>\n",
       "    </tr>\n",
       "  </tbody>\n",
       "</table>\n",
       "</div>"
      ],
      "text/plain": [
       "               num_stories  meandate  mean_prestige  mean_sales  numchars  \\\n",
       "num_stories       1.000000  0.042899       0.202663    0.534812  0.094983   \n",
       "meandate          0.042899  1.000000       0.093699   -0.041215  0.081531   \n",
       "mean_prestige     0.202663  0.093699       1.000000    0.212922  0.005850   \n",
       "mean_sales        0.534812 -0.041215       0.212922    1.000000  0.085075   \n",
       "numchars          0.094983  0.081531       0.005850    0.085075  1.000000   \n",
       "charsize          0.060928 -0.162559      -0.091589    0.060056  0.025925   \n",
       "pct_women         0.049792 -0.078047       0.228122    0.060811  0.041487   \n",
       "wordratio         0.056317 -0.100567       0.184127    0.090640  0.023431   \n",
       "prob_diff        -0.043557 -0.232198      -0.154367    0.001832 -0.005029   \n",
       "prob_stdev       -0.068478 -0.282795      -0.131423   -0.066265  0.257977   \n",
       "prob_mean         0.067541  0.003966       0.343339    0.082832  0.012031   \n",
       "\n",
       "               charsize  pct_women  wordratio  prob_diff  prob_stdev  \\\n",
       "num_stories    0.060928   0.049792   0.056317  -0.043557   -0.068478   \n",
       "meandate      -0.162559  -0.078047  -0.100567  -0.232198   -0.282795   \n",
       "mean_prestige -0.091589   0.228122   0.184127  -0.154367   -0.131423   \n",
       "mean_sales     0.060056   0.060811   0.090640   0.001832   -0.066265   \n",
       "numchars       0.025925   0.041487   0.023431  -0.005029    0.257977   \n",
       "charsize       1.000000   0.147385   0.144371   0.032489   -0.180413   \n",
       "pct_women      0.147385   1.000000   0.851984  -0.125347   -0.059083   \n",
       "wordratio      0.144371   0.851984   1.000000  -0.103562   -0.034110   \n",
       "prob_diff      0.032489  -0.125347  -0.103562   1.000000    0.377533   \n",
       "prob_stdev    -0.180413  -0.059083  -0.034110   0.377533    1.000000   \n",
       "prob_mean      0.109501   0.661959   0.554422  -0.126310   -0.082224   \n",
       "\n",
       "               prob_mean  \n",
       "num_stories     0.067541  \n",
       "meandate        0.003966  \n",
       "mean_prestige   0.343339  \n",
       "mean_sales      0.082832  \n",
       "numchars        0.012031  \n",
       "charsize        0.109501  \n",
       "pct_women       0.661959  \n",
       "wordratio       0.554422  \n",
       "prob_diff      -0.126310  \n",
       "prob_stdev     -0.082224  \n",
       "prob_mean       1.000000  "
      ]
     },
     "execution_count": 28,
     "metadata": {},
     "output_type": "execute_result"
    }
   ],
   "source": [
