{
 "cells": [
  {
   "cell_type": "code",
   "execution_count": 23,
   "metadata": {
    "collapsed": false
   },
   "outputs": [],
   "source": [
    "import pandas as pd\n",
    "import numpy as np\n",
    "from matplotlib import pyplot as plt\n",
    "%matplotlib inline"
   ]
  },
  {
   "cell_type": "code",
   "execution_count": 2,
   "metadata": {
    "collapsed": false
   },
   "outputs": [
    {
     "data": {
      "text/html": [
       "<div>\n",
       "<table border=\"1\" class=\"dataframe\">\n",
       "  <thead>\n",
       "    <tr style=\"text-align: right;\">\n",
       "      <th></th>\n",
       "      <th>docid</th>\n",
       "      <th>volid</th>\n",
       "      <th>recordid</th>\n",
       "      <th>author</th>\n",
       "      <th>firstname</th>\n",
       "      <th>inferreddate</th>\n",
       "      <th>birthdate</th>\n",
       "      <th>authgender</th>\n",
       "      <th>enumcron</th>\n",
       "      <th>title</th>\n",
       "    </tr>\n",
       "  </thead>\n",
       "  <tbody>\n",
       "    <tr>\n",
       "      <th>0</th>\n",
       "      <td>14930</td>\n",
       "      <td>uva.x004123163</td>\n",
       "      <td>NaN</td>\n",
       "      <td>Swift, Jonathan,</td>\n",
       "      <td>Jonathan</td>\n",
       "      <td>1784</td>\n",
       "      <td>NaN</td>\n",
       "      <td>m</td>\n",
       "      <td>v.1</td>\n",
       "      <td>The works of the Rev. Dr. Jonathan Swift</td>\n",
       "    </tr>\n",
       "    <tr>\n",
       "      <th>1</th>\n",
       "      <td>14931</td>\n",
       "      <td>uva.x004123168</td>\n",
       "      <td>NaN</td>\n",
       "      <td>Swift, Jonathan,</td>\n",
       "      <td>Jonathan</td>\n",
       "      <td>1784</td>\n",
       "      <td>NaN</td>\n",
       "      <td>m</td>\n",
       "      <td>v.6</td>\n",
       "      <td>The works of the Rev. Dr. Jonathan Swift</td>\n",
       "    </tr>\n",
       "    <tr>\n",
       "      <th>2</th>\n",
       "      <td>14932</td>\n",
       "      <td>uva.x030576706</td>\n",
       "      <td>NaN</td>\n",
       "      <td>Swift, Jonathan,</td>\n",
       "      <td>Jonathan</td>\n",
       "      <td>1784</td>\n",
       "      <td>NaN</td>\n",
       "      <td>m</td>\n",
       "      <td>v.11</td>\n",
       "      <td>The works of the Rev. Dr. Jonathan Swift</td>\n",
       "    </tr>\n",
       "    <tr>\n",
       "      <th>3</th>\n",
       "      <td>14933</td>\n",
       "      <td>uva.x000530839</td>\n",
       "      <td>NaN</td>\n",
       "      <td>Swift, Jonathan,</td>\n",
       "      <td>Jonathan</td>\n",
       "      <td>1784</td>\n",
       "      <td>NaN</td>\n",
       "      <td>m</td>\n",
       "      <td>v.12</td>\n",
       "      <td>The works of the Rev. Dr. Jonathan Swift</td>\n",
       "    </tr>\n",
       "    <tr>\n",
       "      <th>4</th>\n",
       "      <td>14934</td>\n",
       "      <td>nyp.33433076096019</td>\n",
       "      <td>NaN</td>\n",
       "      <td>Swift, Jonathan,</td>\n",
       "      <td>Jonathan</td>\n",
       "      <td>1784</td>\n",
       "      <td>NaN</td>\n",
       "      <td>m</td>\n",
       "      <td>v. 14</td>\n",
       "      <td>The works of the Rev. Dr. Jonathan Swift</td>\n",
       "    </tr>\n",
       "  </tbody>\n",
       "</table>\n",
       "</div>"
      ],
      "text/plain": [
       "   docid               volid  recordid            author  firstname  \\\n",
       "0  14930      uva.x004123163       NaN  Swift, Jonathan,   Jonathan   \n",
       "1  14931      uva.x004123168       NaN  Swift, Jonathan,   Jonathan   \n",
       "2  14932      uva.x030576706       NaN  Swift, Jonathan,   Jonathan   \n",
       "3  14933      uva.x000530839       NaN  Swift, Jonathan,   Jonathan   \n",
       "4  14934  nyp.33433076096019       NaN  Swift, Jonathan,   Jonathan   \n",
       "\n",
       "   inferreddate  birthdate authgender enumcron  \\\n",
       "0          1784        NaN          m      v.1   \n",
       "1          1784        NaN          m      v.6   \n",
       "2          1784        NaN          m     v.11   \n",
       "3          1784        NaN          m     v.12   \n",
       "4          1784        NaN          m    v. 14   \n",
       "\n",
       "                                      title  \n",
       "0  The works of the Rev. Dr. Jonathan Swift  \n",
       "1  The works of the Rev. Dr. Jonathan Swift  \n",
       "2  The works of the Rev. Dr. Jonathan Swift  \n",
       "3  The works of the Rev. Dr. Jonathan Swift  \n",
       "4  The works of the Rev. Dr. Jonathan Swift  "
      ]
     },
     "execution_count": 2,
     "metadata": {},
     "output_type": "execute_result"
    }
   ],
   "source": [
    "metadata = pd.read_csv('/Users/tunder/Dropbox/python/character/metadata/filtered_fiction_plus_18c.tsv', sep ='\\t')\n",
    "metadata.head()"
   ]
  },
  {
   "cell_type": "code",
   "execution_count": 3,
   "metadata": {
    "collapsed": false
   },
   "outputs": [
    {
     "data": {
      "text/html": [
       "<div>\n",
       "<table border=\"1\" class=\"dataframe\">\n",
       "  <thead>\n",
       "    <tr style=\"text-align: right;\">\n",
       "      <th></th>\n",
       "      <th>docid</th>\n",
       "      <th>charid</th>\n",
       "      <th>gender</th>\n",
       "      <th>pubdate</th>\n",
       "      <th>numwords</th>\n",
       "      <th>probability</th>\n",
       "    </tr>\n",
       "  </thead>\n",
       "  <tbody>\n",
       "    <tr>\n",
       "      <th>0</th>\n",
       "      <td>0</td>\n",
       "      <td>0|Betsey</td>\n",
       "      <td>f</td>\n",
       "      <td>1891</td>\n",
       "      <td>334</td>\n",
       "      <td>0.462642</td>\n",
       "    </tr>\n",
       "    <tr>\n",
       "      <th>1</th>\n",
       "      <td>0</td>\n",
       "      <td>0|Phil</td>\n",
       "      <td>m</td>\n",
       "      <td>1891</td>\n",
       "      <td>12</td>\n",
       "      <td>0.140581</td>\n",
       "    </tr>\n",
       "    <tr>\n",
       "      <th>2</th>\n",
       "      <td>0</td>\n",
       "      <td>0|Elizabeth</td>\n",
       "      <td>f</td>\n",
       "      <td>1891</td>\n",
       "      <td>82</td>\n",
       "      <td>0.366735</td>\n",
       "    </tr>\n",
       "    <tr>\n",
       "      <th>3</th>\n",
       "      <td>0</td>\n",
       "      <td>0|Mr.Jones</td>\n",
       "      <td>m</td>\n",
       "      <td>1891</td>\n",
       "      <td>526</td>\n",
       "      <td>0.553426</td>\n",
       "    </tr>\n",
       "    <tr>\n",
       "      <th>4</th>\n",
       "      <td>0</td>\n",
       "      <td>0|Mr.Mitford</td>\n",
       "      <td>m</td>\n",
       "      <td>1891</td>\n",
       "      <td>14</td>\n",
       "      <td>0.386104</td>\n",
       "    </tr>\n",
       "  </tbody>\n",
       "</table>\n",
       "</div>"
      ],
      "text/plain": [
       "  docid        charid gender  pubdate  numwords  probability\n",
       "0     0      0|Betsey      f     1891       334     0.462642\n",
       "1     0        0|Phil      m     1891        12     0.140581\n",
       "2     0   0|Elizabeth      f     1891        82     0.366735\n",
       "3     0    0|Mr.Jones      m     1891       526     0.553426\n",
       "4     0  0|Mr.Mitford      m     1891        14     0.386104"
      ]
     },
     "execution_count": 3,
     "metadata": {},
     "output_type": "execute_result"
    }
   ],
   "source": [
    "data = pd.read_csv('prestige_character_probabilities.tsv', sep = '\\t', dtype = {'docid': 'object'})\n",
    "data.head()"
   ]
  },
  {
   "cell_type": "code",
   "execution_count": 4,
   "metadata": {
    "collapsed": false
   },
   "outputs": [
    {
     "data": {
      "text/html": [
       "<div>\n",
       "<table border=\"1\" class=\"dataframe\">\n",
       "  <thead>\n",
       "    <tr style=\"text-align: right;\">\n",
       "      <th></th>\n",
       "      <th>probability</th>\n",
       "      <th>pubdate</th>\n",
       "    </tr>\n",
       "    <tr>\n",
       "      <th>gender</th>\n",
       "      <th></th>\n",
       "      <th></th>\n",
       "    </tr>\n",
       "  </thead>\n",
       "  <tbody>\n",
       "    <tr>\n",
       "      <th>f</th>\n",
       "      <td>0.547890</td>\n",
       "      <td>1946.901165</td>\n",
       "    </tr>\n",
       "    <tr>\n",
       "      <th>m</th>\n",
       "      <td>0.438264</td>\n",
       "      <td>1948.086980</td>\n",
       "    </tr>\n",
       "    <tr>\n",
       "      <th>u</th>\n",
       "      <td>0.473054</td>\n",
       "      <td>1955.238318</td>\n",
       "    </tr>\n",
       "  </tbody>\n",
       "</table>\n",
       "</div>"
      ],
      "text/plain": [
       "        probability      pubdate\n",
       "gender                          \n",
       "f          0.547890  1946.901165\n",
       "m          0.438264  1948.086980\n",
       "u          0.473054  1955.238318"
      ]
     },
     "execution_count": 4,
     "metadata": {},
     "output_type": "execute_result"
    }
   ],
   "source": [
    "grouped = data.loc[:, [\"probability\", \"gender\", 'pubdate']].groupby('gender')\n",
    "bygender = grouped.aggregate(np.mean)\n",
    "bygender.head()"
   ]
  },
  {
   "cell_type": "code",
   "execution_count": 26,
   "metadata": {
    "collapsed": false
   },
   "outputs": [
    {
     "data": {
      "text/html": [
       "<div>\n",
       "<table border=\"1\" class=\"dataframe\">\n",
       "  <thead>\n",
       "    <tr style=\"text-align: right;\">\n",
       "      <th></th>\n",
       "      <th>author</th>\n",
       "      <th>num_stories</th>\n",
       "      <th>reviewed</th>\n",
       "      <th>authgender</th>\n",
       "      <th>meandate</th>\n",
       "      <th>mean_prestige</th>\n",
       "      <th>mean_sales</th>\n",
       "      <th>numchars</th>\n",
       "      <th>charsize</th>\n",
       "      <th>pct_women</th>\n",
       "      <th>wordratio</th>\n",
       "      <th>prob_diff</th>\n",
       "      <th>weighted_diff</th>\n",
       "      <th>prob_stdev</th>\n",
       "      <th>prob_mean</th>\n",
       "    </tr>\n",
       "  </thead>\n",
       "  <tbody>\n",
       "    <tr>\n",
       "      <th>0</th>\n",
       "      <td>Lorimer, George Horace</td>\n",
       "      <td>3</td>\n",
       "      <td>0</td>\n",
       "      <td>m</td>\n",
       "      <td>1904.666667</td>\n",
       "      <td>0.030916</td>\n",
       "      <td>0.742964</td>\n",
       "      <td>20.333333</td>\n",
       "      <td>55.788728</td>\n",
       "      <td>0.177134</td>\n",
       "      <td>0.170865</td>\n",
       "      <td>0.091833</td>\n",
       "      <td>0.113859</td>\n",
       "      <td>0.073349</td>\n",
       "      <td>0.475837</td>\n",
       "    </tr>\n",
       "    <tr>\n",
       "      <th>1</th>\n",
       "      <td>Barrie, J. M</td>\n",
       "      <td>28</td>\n",
       "      <td>1</td>\n",
       "      <td>m</td>\n",
       "      <td>1901.357143</td>\n",
       "      <td>0.597358</td>\n",
       "      <td>0.996169</td>\n",
       "      <td>26.071429</td>\n",
       "      <td>141.503992</td>\n",
       "      <td>0.266682</td>\n",
       "      <td>0.246383</td>\n",
       "      <td>0.048767</td>\n",
       "      <td>0.049635</td>\n",
       "      <td>0.062973</td>\n",
       "      <td>0.482426</td>\n",
       "    </tr>\n",
       "    <tr>\n",
       "      <th>2</th>\n",
       "      <td>Cable, George Washington</td>\n",
       "      <td>19</td>\n",
       "      <td>1</td>\n",
       "      <td>m</td>\n",
       "      <td>1900.578947</td>\n",
       "      <td>0.489428</td>\n",
       "      <td>0.681818</td>\n",
       "      <td>24.421053</td>\n",
       "      <td>194.500712</td>\n",
       "      <td>0.308170</td>\n",
       "      <td>0.358583</td>\n",
       "      <td>0.053117</td>\n",
       "      <td>0.053512</td>\n",
       "      <td>0.055654</td>\n",
       "      <td>0.496021</td>\n",
       "    </tr>\n",
       "    <tr>\n",
       "      <th>3</th>\n",
       "      <td>Poole, Mary Belle</td>\n",
       "      <td>1</td>\n",
       "      <td>0</td>\n",
       "      <td>f</td>\n",
       "      <td>1896.000000</td>\n",
       "      <td>0.232876</td>\n",
       "      <td>0.035714</td>\n",
       "      <td>42.000000</td>\n",
       "      <td>113.119048</td>\n",
       "      <td>0.341463</td>\n",
       "      <td>0.585232</td>\n",
       "      <td>0.085613</td>\n",
       "      <td>0.078918</td>\n",
       "      <td>0.089309</td>\n",
       "      <td>0.518929</td>\n",
       "    </tr>\n",
       "    <tr>\n",
       "      <th>4</th>\n",
       "      <td>Brody, Catharine</td>\n",
       "      <td>2</td>\n",
       "      <td>1</td>\n",
       "      <td>f</td>\n",
       "      <td>1931.000000</td>\n",
       "      <td>0.630779</td>\n",
       "      <td>0.148837</td>\n",
       "      <td>35.500000</td>\n",
       "      <td>163.901431</td>\n",
       "      <td>0.544118</td>\n",
       "      <td>0.658753</td>\n",
       "      <td>0.050618</td>\n",
       "      <td>0.059248</td>\n",
       "      <td>0.066039</td>\n",
       "      <td>0.488282</td>\n",
       "    </tr>\n",
       "  </tbody>\n",
       "</table>\n",
       "</div>"
      ],
      "text/plain": [
       "                     author  num_stories  reviewed authgender     meandate  \\\n",
       "0    Lorimer, George Horace            3         0          m  1904.666667   \n",
       "1              Barrie, J. M           28         1          m  1901.357143   \n",
       "2  Cable, George Washington           19         1          m  1900.578947   \n",
       "3         Poole, Mary Belle            1         0          f  1896.000000   \n",
       "4          Brody, Catharine            2         1          f  1931.000000   \n",
       "\n",
       "   mean_prestige  mean_sales   numchars    charsize  pct_women  wordratio  \\\n",
       "0       0.030916    0.742964  20.333333   55.788728   0.177134   0.170865   \n",
       "1       0.597358    0.996169  26.071429  141.503992   0.266682   0.246383   \n",
       "2       0.489428    0.681818  24.421053  194.500712   0.308170   0.358583   \n",
       "3       0.232876    0.035714  42.000000  113.119048   0.341463   0.585232   \n",
       "4       0.630779    0.148837  35.500000  163.901431   0.544118   0.658753   \n",
       "\n",
       "   prob_diff  weighted_diff  prob_stdev  prob_mean  \n",
       "0   0.091833       0.113859    0.073349   0.475837  \n",
       "1   0.048767       0.049635    0.062973   0.482426  \n",
       "2   0.053117       0.053512    0.055654   0.496021  \n",
       "3   0.085613       0.078918    0.089309   0.518929  \n",
       "4   0.050618       0.059248    0.066039   0.488282  "
      ]
     },
     "execution_count": 26,
     "metadata": {},
     "output_type": "execute_result"
    }
   ],
   "source": [
    "authormeta = pd.read_csv('output/authormeta.tsv', sep = '\\t')\n",
    "authormeta.head()\n"
   ]
  },
  {
   "cell_type": "code",
   "execution_count": 27,
   "metadata": {
    "collapsed": false
   },
   "outputs": [
    {
     "data": {
      "text/html": [
       "<div>\n",
       "<table border=\"1\" class=\"dataframe\">\n",
       "  <thead>\n",
       "    <tr style=\"text-align: right;\">\n",
       "      <th></th>\n",
       "      <th>num_stories</th>\n",
       "      <th>reviewed</th>\n",
       "      <th>meandate</th>\n",
       "      <th>mean_prestige</th>\n",
       "      <th>mean_sales</th>\n",
       "      <th>numchars</th>\n",
       "      <th>charsize</th>\n",
       "      <th>pct_women</th>\n",
       "      <th>wordratio</th>\n",
       "      <th>prob_diff</th>\n",
       "      <th>weighted_diff</th>\n",
       "      <th>prob_stdev</th>\n",
       "      <th>prob_mean</th>\n",
       "    </tr>\n",
       "  </thead>\n",
       "  <tbody>\n",
       "    <tr>\n",
       "      <th>num_stories</th>\n",
       "      <td>1.000000</td>\n",
       "      <td>0.218885</td>\n",
       "      <td>0.136339</td>\n",
       "      <td>0.185862</td>\n",
       "      <td>0.546059</td>\n",
       "      <td>0.063713</td>\n",
       "      <td>0.014521</td>\n",
       "      <td>-0.067036</td>\n",
       "      <td>-0.059694</td>\n",
       "      <td>-0.034076</td>\n",
       "      <td>-0.048561</td>\n",
       "      <td>-0.077386</td>\n",
       "      <td>0.004343</td>\n",
       "    </tr>\n",
       "    <tr>\n",
       "      <th>reviewed</th>\n",
       "      <td>0.218885</td>\n",
       "      <td>1.000000</td>\n",
       "      <td>0.136778</td>\n",
       "      <td>0.476159</td>\n",
       "      <td>0.288765</td>\n",
       "      <td>0.043027</td>\n",
       "      <td>-0.059852</td>\n",
       "      <td>-0.021178</td>\n",
       "      <td>0.002188</td>\n",
       "      <td>-0.099202</td>\n",
       "      <td>-0.107984</td>\n",
       "      <td>-0.107129</td>\n",
       "      <td>0.089229</td>\n",
       "    </tr>\n",
       "    <tr>\n",
       "      <th>meandate</th>\n",
       "      <td>0.136339</td>\n",
       "      <td>0.136778</td>\n",
       "      <td>1.000000</td>\n",
       "      <td>0.164638</td>\n",
       "      <td>-0.029856</td>\n",
       "      <td>0.043027</td>\n",
       "      <td>-0.143136</td>\n",
       "      <td>-0.144073</td>\n",
       "      <td>-0.125291</td>\n",
       "      <td>-0.203757</td>\n",
       "      <td>-0.211386</td>\n",
       "      <td>-0.326497</td>\n",
       "      <td>-0.004891</td>\n",
       "    </tr>\n",
       "    <tr>\n",
       "      <th>mean_prestige</th>\n",
       "      <td>0.185862</td>\n",
       "      <td>0.476159</td>\n",
       "      <td>0.164638</td>\n",
       "      <td>1.000000</td>\n",
       "      <td>0.187538</td>\n",
       "      <td>0.031609</td>\n",
       "      <td>-0.118692</td>\n",
       "      <td>0.099911</td>\n",
       "      <td>0.105872</td>\n",
       "      <td>-0.146951</td>\n",
       "      <td>-0.180959</td>\n",
       "      <td>-0.107308</td>\n",
       "      <td>0.243137</td>\n",
       "    </tr>\n",
       "    <tr>\n",
       "      <th>mean_sales</th>\n",
       "      <td>0.546059</td>\n",
       "      <td>0.288765</td>\n",
       "      <td>-0.029856</td>\n",
       "      <td>0.187538</td>\n",
       "      <td>1.000000</td>\n",
       "      <td>0.087558</td>\n",
       "      <td>0.066422</td>\n",
       "      <td>-0.049083</td>\n",
       "      <td>-0.033431</td>\n",
       "      <td>-0.029619</td>\n",
       "      <td>-0.045171</td>\n",
       "      <td>-0.034872</td>\n",
       "      <td>-0.003595</td>\n",
       "    </tr>\n",
       "    <tr>\n",
       "      <th>numchars</th>\n",
       "      <td>0.063713</td>\n",
       "      <td>0.043027</td>\n",
       "      <td>0.043027</td>\n",
       "      <td>0.031609</td>\n",
       "      <td>0.087558</td>\n",
       "      <td>1.000000</td>\n",
       "      <td>-0.029548</td>\n",
       "      <td>0.047587</td>\n",
       "      <td>0.053322</td>\n",
       "      <td>0.016597</td>\n",
       "      <td>0.025173</td>\n",
       "      <td>0.163823</td>\n",
       "      <td>0.016406</td>\n",
       "    </tr>\n",
       "    <tr>\n",
       "      <th>charsize</th>\n",
       "      <td>0.014521</td>\n",
       "      <td>-0.059852</td>\n",
       "      <td>-0.143136</td>\n",
       "      <td>-0.118692</td>\n",
       "      <td>0.066422</td>\n",
       "      <td>-0.029548</td>\n",
       "      <td>1.000000</td>\n",
       "      <td>0.165401</td>\n",
       "      <td>0.167887</td>\n",
       "      <td>-0.032619</td>\n",
       "      <td>-0.022526</td>\n",
       "      <td>-0.166358</td>\n",
       "      <td>0.148788</td>\n",
       "    </tr>\n",
       "    <tr>\n",
       "      <th>pct_women</th>\n",
       "      <td>-0.067036</td>\n",
       "      <td>-0.021178</td>\n",
       "      <td>-0.144073</td>\n",
       "      <td>0.099911</td>\n",
       "      <td>-0.049083</td>\n",
       "      <td>0.047587</td>\n",
       "      <td>0.165401</td>\n",
       "      <td>1.000000</td>\n",
       "      <td>0.851266</td>\n",
       "      <td>-0.229009</td>\n",
       "      <td>-0.272197</td>\n",
       "      <td>-0.104359</td>\n",
       "      <td>0.678211</td>\n",
       "    </tr>\n",
       "    <tr>\n",
       "      <th>wordratio</th>\n",
       "      <td>-0.059694</td>\n",
       "      <td>0.002188</td>\n",
       "      <td>-0.125291</td>\n",
       "      <td>0.105872</td>\n",
       "      <td>-0.033431</td>\n",
       "      <td>0.053322</td>\n",
       "      <td>0.167887</td>\n",
       "      <td>0.851266</td>\n",
       "      <td>1.000000</td>\n",
       "      <td>-0.209035</td>\n",
       "      <td>-0.237898</td>\n",
       "      <td>-0.083992</td>\n",
       "      <td>0.612211</td>\n",
       "    </tr>\n",
       "    <tr>\n",
       "      <th>prob_diff</th>\n",
       "      <td>-0.034076</td>\n",
       "      <td>-0.099202</td>\n",
       "      <td>-0.203757</td>\n",
       "      <td>-0.146951</td>\n",
       "      <td>-0.029619</td>\n",
       "      <td>0.016597</td>\n",
       "      <td>-0.032619</td>\n",
       "      <td>-0.229009</td>\n",
       "      <td>-0.209035</td>\n",
       "      <td>1.000000</td>\n",
       "      <td>0.827487</td>\n",
       "      <td>0.520390</td>\n",
       "      <td>-0.161975</td>\n",
       "    </tr>\n",
       "    <tr>\n",
       "      <th>weighted_diff</th>\n",
       "      <td>-0.048561</td>\n",
       "      <td>-0.107984</td>\n",
       "      <td>-0.211386</td>\n",
       "      <td>-0.180959</td>\n",
       "      <td>-0.045171</td>\n",
       "      <td>0.025173</td>\n",
       "      <td>-0.022526</td>\n",
       "      <td>-0.272197</td>\n",
       "      <td>-0.237898</td>\n",
       "      <td>0.827487</td>\n",
       "      <td>1.000000</td>\n",
       "      <td>0.454614</td>\n",
       "      <td>-0.210770</td>\n",
       "    </tr>\n",
       "    <tr>\n",
       "      <th>prob_stdev</th>\n",
       "      <td>-0.077386</td>\n",
       "      <td>-0.107129</td>\n",
       "      <td>-0.326497</td>\n",
       "      <td>-0.107308</td>\n",
       "      <td>-0.034872</td>\n",
       "      <td>0.163823</td>\n",
       "      <td>-0.166358</td>\n",
       "      <td>-0.104359</td>\n",
       "      <td>-0.083992</td>\n",
       "      <td>0.520390</td>\n",
       "      <td>0.454614</td>\n",
       "      <td>1.000000</td>\n",
       "      <td>-0.121994</td>\n",
       "    </tr>\n",
       "    <tr>\n",
       "      <th>prob_mean</th>\n",
       "      <td>0.004343</td>\n",
       "      <td>0.089229</td>\n",
       "      <td>-0.004891</td>\n",
       "      <td>0.243137</td>\n",
       "      <td>-0.003595</td>\n",
       "      <td>0.016406</td>\n",
       "      <td>0.148788</td>\n",
       "      <td>0.678211</td>\n",
       "      <td>0.612211</td>\n",
       "      <td>-0.161975</td>\n",
       "      <td>-0.210770</td>\n",
       "      <td>-0.121994</td>\n",
       "      <td>1.000000</td>\n",
       "    </tr>\n",
       "  </tbody>\n",
       "</table>\n",
       "</div>"
      ],
      "text/plain": [
       "               num_stories  reviewed  meandate  mean_prestige  mean_sales  \\\n",
       "num_stories       1.000000  0.218885  0.136339       0.185862    0.546059   \n",
       "reviewed          0.218885  1.000000  0.136778       0.476159    0.288765   \n",
       "meandate          0.136339  0.136778  1.000000       0.164638   -0.029856   \n",
       "mean_prestige     0.185862  0.476159  0.164638       1.000000    0.187538   \n",
       "mean_sales        0.546059  0.288765 -0.029856       0.187538    1.000000   \n",
       "numchars          0.063713  0.043027  0.043027       0.031609    0.087558   \n",
       "charsize          0.014521 -0.059852 -0.143136      -0.118692    0.066422   \n",
       "pct_women        -0.067036 -0.021178 -0.144073       0.099911   -0.049083   \n",
       "wordratio        -0.059694  0.002188 -0.125291       0.105872   -0.033431   \n",
       "prob_diff        -0.034076 -0.099202 -0.203757      -0.146951   -0.029619   \n",
       "weighted_diff    -0.048561 -0.107984 -0.211386      -0.180959   -0.045171   \n",
       "prob_stdev       -0.077386 -0.107129 -0.326497      -0.107308   -0.034872   \n",
       "prob_mean         0.004343  0.089229 -0.004891       0.243137   -0.003595   \n",
       "\n",
       "               numchars  charsize  pct_women  wordratio  prob_diff  \\\n",
       "num_stories    0.063713  0.014521  -0.067036  -0.059694  -0.034076   \n",
       "reviewed       0.043027 -0.059852  -0.021178   0.002188  -0.099202   \n",
       "meandate       0.043027 -0.143136  -0.144073  -0.125291  -0.203757   \n",
       "mean_prestige  0.031609 -0.118692   0.099911   0.105872  -0.146951   \n",
       "mean_sales     0.087558  0.066422  -0.049083  -0.033431  -0.029619   \n",
       "numchars       1.000000 -0.029548   0.047587   0.053322   0.016597   \n",
       "charsize      -0.029548  1.000000   0.165401   0.167887  -0.032619   \n",
       "pct_women      0.047587  0.165401   1.000000   0.851266  -0.229009   \n",
       "wordratio      0.053322  0.167887   0.851266   1.000000  -0.209035   \n",
       "prob_diff      0.016597 -0.032619  -0.229009  -0.209035   1.000000   \n",
       "weighted_diff  0.025173 -0.022526  -0.272197  -0.237898   0.827487   \n",
       "prob_stdev     0.163823 -0.166358  -0.104359  -0.083992   0.520390   \n",
       "prob_mean      0.016406  0.148788   0.678211   0.612211  -0.161975   \n",
       "\n",
       "               weighted_diff  prob_stdev  prob_mean  \n",
       "num_stories        -0.048561   -0.077386   0.004343  \n",
       "reviewed           -0.107984   -0.107129   0.089229  \n",
       "meandate           -0.211386   -0.326497  -0.004891  \n",
       "mean_prestige      -0.180959   -0.107308   0.243137  \n",
       "mean_sales         -0.045171   -0.034872  -0.003595  \n",
       "numchars            0.025173    0.163823   0.016406  \n",
       "charsize           -0.022526   -0.166358   0.148788  \n",
       "pct_women          -0.272197   -0.104359   0.678211  \n",
       "wordratio          -0.237898   -0.083992   0.612211  \n",
       "prob_diff           0.827487    0.520390  -0.161975  \n",
       "weighted_diff       1.000000    0.454614  -0.210770  \n",
       "prob_stdev          0.454614    1.000000  -0.121994  \n",
       "prob_mean          -0.210770   -0.121994   1.000000  "
      ]
     },
     "execution_count": 27,
     "metadata": {},
     "output_type": "execute_result"
    }
   ],
   "source": [
    "authormeta.corr()"
   ]
  },
  {
   "cell_type": "code",
   "execution_count": 14,
   "metadata": {
    "collapsed": false
   },
   "outputs": [
    {
     "data": {
      "text/html": [
       "<div>\n",
       "<table border=\"1\" class=\"dataframe\">\n",
       "  <thead>\n",
       "    <tr style=\"text-align: right;\">\n",
       "      <th></th>\n",
       "      <th>num_stories</th>\n",
       "      <th>meandate</th>\n",
       "      <th>mean_prestige</th>\n",
       "      <th>mean_sales</th>\n",
       "      <th>numchars</th>\n",
       "      <th>charsize</th>\n",
       "      <th>pct_women</th>\n",
       "      <th>wordratio</th>\n",
       "      <th>prob_diff</th>\n",
       "      <th>weighted_diff</th>\n",
       "      <th>prob_stdev</th>\n",
       "      <th>prob_mean</th>\n",
       "    </tr>\n",
       "  </thead>\n",
       "  <tbody>\n",
       "    <tr>\n",
       "      <th>num_stories</th>\n",
       "      <td>1.000000</td>\n",
       "      <td>0.141723</td>\n",
       "      <td>0.203661</td>\n",
       "      <td>0.499386</td>\n",
       "      <td>0.072355</td>\n",
       "      <td>0.042709</td>\n",
       "      <td>0.024341</td>\n",
       "      <td>0.035975</td>\n",
       "      <td>-0.028709</td>\n",
       "      <td>-0.038062</td>\n",
       "      <td>-0.097364</td>\n",
       "      <td>0.065231</td>\n",
       "    </tr>\n",
       "    <tr>\n",
       "      <th>meandate</th>\n",
       "      <td>0.141723</td>\n",
       "      <td>1.000000</td>\n",
       "      <td>0.097814</td>\n",
       "      <td>-0.041160</td>\n",
       "      <td>0.112701</td>\n",
       "      <td>-0.161474</td>\n",
       "      <td>-0.077726</td>\n",
       "      <td>-0.098248</td>\n",
       "      <td>-0.201756</td>\n",
       "      <td>-0.172433</td>\n",
       "      <td>-0.264975</td>\n",
       "      <td>-0.014562</td>\n",
       "    </tr>\n",
       "    <tr>\n",
       "      <th>mean_prestige</th>\n",
       "      <td>0.203661</td>\n",
       "      <td>0.097814</td>\n",
       "      <td>1.000000</td>\n",
       "      <td>0.208443</td>\n",
       "      <td>0.017251</td>\n",
       "      <td>-0.097868</td>\n",
       "      <td>0.210429</td>\n",
       "      <td>0.186846</td>\n",
       "      <td>-0.091080</td>\n",
       "      <td>-0.144658</td>\n",
       "      <td>-0.105495</td>\n",
       "      <td>0.345082</td>\n",
       "    </tr>\n",
       "    <tr>\n",
       "      <th>mean_sales</th>\n",
       "      <td>0.499386</td>\n",
       "      <td>-0.041160</td>\n",
       "      <td>0.208443</td>\n",
       "      <td>1.000000</td>\n",
       "      <td>0.070393</td>\n",
       "      <td>0.061285</td>\n",
       "      <td>0.044880</td>\n",
       "      <td>0.085258</td>\n",
       "      <td>0.025248</td>\n",
       "      <td>-0.017971</td>\n",
       "      <td>-0.068689</td>\n",
       "      <td>0.081679</td>\n",
       "    </tr>\n",
       "    <tr>\n",
       "      <th>numchars</th>\n",
       "      <td>0.072355</td>\n",
       "      <td>0.112701</td>\n",
       "      <td>0.017251</td>\n",
       "      <td>0.070393</td>\n",
       "      <td>1.000000</td>\n",
       "      <td>0.003731</td>\n",
       "      <td>0.016576</td>\n",
       "      <td>0.020073</td>\n",
       "      <td>0.051922</td>\n",
       "      <td>0.099212</td>\n",
       "      <td>0.228385</td>\n",
       "      <td>0.011043</td>\n",
       "    </tr>\n",
       "    <tr>\n",
       "      <th>charsize</th>\n",
       "      <td>0.042709</td>\n",
       "      <td>-0.161474</td>\n",
       "      <td>-0.097868</td>\n",
       "      <td>0.061285</td>\n",
       "      <td>0.003731</td>\n",
       "      <td>1.000000</td>\n",
       "      <td>0.168346</td>\n",
       "      <td>0.153375</td>\n",
       "      <td>0.086676</td>\n",
       "      <td>0.081389</td>\n",
       "      <td>-0.147900</td>\n",
       "      <td>0.097843</td>\n",
       "    </tr>\n",
       "    <tr>\n",
       "      <th>pct_women</th>\n",
       "      <td>0.024341</td>\n",
       "      <td>-0.077726</td>\n",
       "      <td>0.210429</td>\n",
       "      <td>0.044880</td>\n",
       "      <td>0.016576</td>\n",
       "      <td>0.168346</td>\n",
       "      <td>1.000000</td>\n",
       "      <td>0.817833</td>\n",
       "      <td>-0.052254</td>\n",
       "      <td>-0.117277</td>\n",
       "      <td>-0.056726</td>\n",
       "      <td>0.657598</td>\n",
       "    </tr>\n",
       "    <tr>\n",
       "      <th>wordratio</th>\n",
       "      <td>0.035975</td>\n",
       "      <td>-0.098248</td>\n",
       "      <td>0.186846</td>\n",
       "      <td>0.085258</td>\n",
       "      <td>0.020073</td>\n",
       "      <td>0.153375</td>\n",
       "      <td>0.817833</td>\n",
       "      <td>1.000000</td>\n",
       "      <td>-0.002343</td>\n",
       "      <td>-0.053145</td>\n",
       "      <td>-0.023080</td>\n",
       "      <td>0.561418</td>\n",
       "    </tr>\n",
       "    <tr>\n",
       "      <th>prob_diff</th>\n",
       "      <td>-0.028709</td>\n",
       "      <td>-0.201756</td>\n",
       "      <td>-0.091080</td>\n",
       "      <td>0.025248</td>\n",
       "      <td>0.051922</td>\n",
       "      <td>0.086676</td>\n",
       "      <td>-0.052254</td>\n",
       "      <td>-0.002343</td>\n",
       "      <td>1.000000</td>\n",
       "      <td>0.825301</td>\n",
       "      <td>0.399214</td>\n",
       "      <td>-0.033952</td>\n",
       "    </tr>\n",
       "    <tr>\n",
       "      <th>weighted_diff</th>\n",
       "      <td>-0.038062</td>\n",
       "      <td>-0.172433</td>\n",
       "      <td>-0.144658</td>\n",
       "      <td>-0.017971</td>\n",
       "      <td>0.099212</td>\n",
       "      <td>0.081389</td>\n",
       "      <td>-0.117277</td>\n",
       "      <td>-0.053145</td>\n",
       "      <td>0.825301</td>\n",
       "      <td>1.000000</td>\n",
       "      <td>0.343033</td>\n",
       "      <td>-0.050540</td>\n",
       "    </tr>\n",
       "    <tr>\n",
       "      <th>prob_stdev</th>\n",
       "      <td>-0.097364</td>\n",
       "      <td>-0.264975</td>\n",
       "      <td>-0.105495</td>\n",
       "      <td>-0.068689</td>\n",
       "      <td>0.228385</td>\n",
       "      <td>-0.147900</td>\n",
       "      <td>-0.056726</td>\n",
       "      <td>-0.023080</td>\n",
       "      <td>0.399214</td>\n",
       "      <td>0.343033</td>\n",
       "      <td>1.000000</td>\n",
       "      <td>-0.065923</td>\n",
       "    </tr>\n",
       "    <tr>\n",
       "      <th>prob_mean</th>\n",
       "      <td>0.065231</td>\n",
       "      <td>-0.014562</td>\n",
       "      <td>0.345082</td>\n",
       "      <td>0.081679</td>\n",
       "      <td>0.011043</td>\n",
       "      <td>0.097843</td>\n",
       "      <td>0.657598</td>\n",
       "      <td>0.561418</td>\n",
       "      <td>-0.033952</td>\n",
       "      <td>-0.050540</td>\n",
       "      <td>-0.065923</td>\n",
       "      <td>1.000000</td>\n",
       "    </tr>\n",
       "  </tbody>\n",
       "</table>\n",
       "</div>"
      ],
      "text/plain": [
       "               num_stories  meandate  mean_prestige  mean_sales  numchars  \\\n",
       "num_stories       1.000000  0.141723       0.203661    0.499386  0.072355   \n",
       "meandate          0.141723  1.000000       0.097814   -0.041160  0.112701   \n",
       "mean_prestige     0.203661  0.097814       1.000000    0.208443  0.017251   \n",
       "mean_sales        0.499386 -0.041160       0.208443    1.000000  0.070393   \n",
       "numchars          0.072355  0.112701       0.017251    0.070393  1.000000   \n",
       "charsize          0.042709 -0.161474      -0.097868    0.061285  0.003731   \n",
       "pct_women         0.024341 -0.077726       0.210429    0.044880  0.016576   \n",
       "wordratio         0.035975 -0.098248       0.186846    0.085258  0.020073   \n",
       "prob_diff        -0.028709 -0.201756      -0.091080    0.025248  0.051922   \n",
       "weighted_diff    -0.038062 -0.172433      -0.144658   -0.017971  0.099212   \n",
       "prob_stdev       -0.097364 -0.264975      -0.105495   -0.068689  0.228385   \n",
       "prob_mean         0.065231 -0.014562       0.345082    0.081679  0.011043   \n",
       "\n",
       "               charsize  pct_women  wordratio  prob_diff  weighted_diff  \\\n",
       "num_stories    0.042709   0.024341   0.035975  -0.028709      -0.038062   \n",
       "meandate      -0.161474  -0.077726  -0.098248  -0.201756      -0.172433   \n",
       "mean_prestige -0.097868   0.210429   0.186846  -0.091080      -0.144658   \n",
       "mean_sales     0.061285   0.044880   0.085258   0.025248      -0.017971   \n",
       "numchars       0.003731   0.016576   0.020073   0.051922       0.099212   \n",
       "charsize       1.000000   0.168346   0.153375   0.086676       0.081389   \n",
       "pct_women      0.168346   1.000000   0.817833  -0.052254      -0.117277   \n",
       "wordratio      0.153375   0.817833   1.000000  -0.002343      -0.053145   \n",
       "prob_diff      0.086676  -0.052254  -0.002343   1.000000       0.825301   \n",
       "weighted_diff  0.081389  -0.117277  -0.053145   0.825301       1.000000   \n",
       "prob_stdev    -0.147900  -0.056726  -0.023080   0.399214       0.343033   \n",
       "prob_mean      0.097843   0.657598   0.561418  -0.033952      -0.050540   \n",
       "\n",
       "               prob_stdev  prob_mean  \n",
       "num_stories     -0.097364   0.065231  \n",
       "meandate        -0.264975  -0.014562  \n",
       "mean_prestige   -0.105495   0.345082  \n",
       "mean_sales      -0.068689   0.081679  \n",
       "numchars         0.228385   0.011043  \n",
       "charsize        -0.147900   0.097843  \n",
       "pct_women       -0.056726   0.657598  \n",
       "wordratio       -0.023080   0.561418  \n",
       "prob_diff        0.399214  -0.033952  \n",
       "weighted_diff    0.343033  -0.050540  \n",
       "prob_stdev       1.000000  -0.065923  \n",
       "prob_mean       -0.065923   1.000000  "
      ]
     },
     "execution_count": 14,
     "metadata": {},
     "output_type": "execute_result"
    }
   ],
   "source": [
    "authormeta[authormeta.authgender == 'm'].corr()"
   ]
  },
  {
   "cell_type": "code",
   "execution_count": 15,
   "metadata": {
    "collapsed": false
   },
   "outputs": [
    {
     "data": {
      "text/html": [
       "<div>\n",
       "<table border=\"1\" class=\"dataframe\">\n",
       "  <thead>\n",
       "    <tr style=\"text-align: right;\">\n",
       "      <th></th>\n",
       "      <th>num_stories</th>\n",
       "      <th>meandate</th>\n",
       "      <th>mean_prestige</th>\n",
       "      <th>mean_sales</th>\n",
       "      <th>numchars</th>\n",
       "      <th>charsize</th>\n",
       "      <th>pct_women</th>\n",
       "      <th>wordratio</th>\n",
       "      <th>prob_diff</th>\n",
       "      <th>weighted_diff</th>\n",
       "      <th>prob_stdev</th>\n",
       "      <th>prob_mean</th>\n",
       "    </tr>\n",
       "  </thead>\n",
       "  <tbody>\n",
       "    <tr>\n",
       "      <th>num_stories</th>\n",
       "      <td>1.000000</td>\n",
       "      <td>0.070293</td>\n",
       "      <td>0.151998</td>\n",
       "      <td>0.667579</td>\n",
       "      <td>0.024708</td>\n",
       "      <td>0.028403</td>\n",
       "      <td>0.015314</td>\n",
       "      <td>0.016825</td>\n",
       "      <td>0.059267</td>\n",
       "      <td>0.052446</td>\n",
       "      <td>0.005806</td>\n",
       "      <td>0.029140</td>\n",
       "    </tr>\n",
       "    <tr>\n",
       "      <th>meandate</th>\n",
       "      <td>0.070293</td>\n",
       "      <td>1.000000</td>\n",
       "      <td>0.237417</td>\n",
       "      <td>-0.077555</td>\n",
       "      <td>-0.069427</td>\n",
       "      <td>-0.096531</td>\n",
       "      <td>-0.097399</td>\n",
       "      <td>-0.021226</td>\n",
       "      <td>-0.148353</td>\n",
       "      <td>-0.191635</td>\n",
       "      <td>-0.187684</td>\n",
       "      <td>-0.145022</td>\n",
       "    </tr>\n",
       "    <tr>\n",
       "      <th>mean_prestige</th>\n",
       "      <td>0.151998</td>\n",
       "      <td>0.237417</td>\n",
       "      <td>1.000000</td>\n",
       "      <td>0.150619</td>\n",
       "      <td>0.059172</td>\n",
       "      <td>-0.153872</td>\n",
       "      <td>-0.025213</td>\n",
       "      <td>0.008218</td>\n",
       "      <td>-0.003268</td>\n",
       "      <td>-0.042805</td>\n",
       "      <td>-0.054551</td>\n",
       "      <td>-0.029945</td>\n",
       "    </tr>\n",
       "    <tr>\n",
       "      <th>mean_sales</th>\n",
       "      <td>0.667579</td>\n",
       "      <td>-0.077555</td>\n",
       "      <td>0.150619</td>\n",
       "      <td>1.000000</td>\n",
       "      <td>0.121972</td>\n",
       "      <td>0.131655</td>\n",
       "      <td>0.021562</td>\n",
       "      <td>0.017285</td>\n",
       "      <td>0.062698</td>\n",
       "      <td>0.061543</td>\n",
       "      <td>0.015039</td>\n",
